
b = [0:0.25:3];

mobius(300,20,10,b,1.5,2000);






