
b = [0:0.25:10];

mobius(2000,20,10,b,1.5,2000);






